10001100010000010000000000000100
00000000000000000000000000000000
10001100010000100000000000000100
00000000000000000000000000000000
10001100010010100000000000000100
00000000000000000000000000000000
10101100010000010000000000001000
00000000000000000000000000000000
10101100010000100000000000001000
00000000000000000000000000000000
10101100010010100000000000001000
00000000000000000000000000000000
00100000001001000000000000000111
00101000001001010000000000000100
00110000010001100000000000000001
00110100001001111110000000000000
00111000010010000000000000001111
00111100000010010000000000000111
00111000010010000000000000001111
10111100000000000000000000000000
10111100000000000000000000000000
00001000000000000000000000100000
00000000000000000000000000000000
00001100000000000000000001000001
00000000000000000000000000000000
00010000001000100000000010000001
00000000000000000000000000000000
00010100001000110000000000110000
00000000000000000000000000000000
00000001010000000000000000001000
00000000000000000000000000000000
00000001010000000101100000001001
00000000000000000000000000000000
10111100000000000000000000000000
10111100000000000000000000000000
